tailing0.tif,200,201,488,339,1
tailing1.tif,200,200,326,301,1
tailing2.tif,200,201,236,223,1
tailing3.tif,201,200,267,256,1
tailing4.tif,201,200,344,304,1
tailing5.tif,200,219,347,267,1
tailing6.tif,200,200,220,230,1
tailing7.tif,209,206,321,316,1
tailing8.tif,200,201,241,219,1
tailing9.tif,200,200,324,340,1
tailing10.tif,200,418,402,593,1
tailing11.tif,201,201,237,216,1
tailing12.tif,200,201,229,229,1
tailing13.tif,200,620,326,690,1
tailing14.tif,200,200,876,276,1
tailing15.tif,200,218,313,271,1
tailing16.tif,200,201,250,246,1
tailing17.tif,200,201,217,245,1
tailing18.tif,200,227,249,241,1
tailing19.tif,473,610,709,713,1
tailing20.tif,289,206,333,232,1
tailing21.tif,201,236,301,339,1
tailing22.tif,344,552,386,568,1
tailing23.tif,200,200,286,292,1
tailing24.tif,370,200,395,214,1
tailing25.tif,200,201,327,290,1
tailing26.tif,200,200,323,261,1
tailing27.tif,201,201,275,241,1
tailing28.tif,201,201,293,260,1
tailing29.tif,200,202,238,222,1
tailing30.tif,204,295,352,342,1
tailing31.tif,200,201,260,252,1
tailing32.tif,200,200,345,262,1
tailing33.tif,201,201,232,218,1
tailing34.tif,272,200,317,306,1
tailing35.tif,201,200,298,314,1
tailing36.tif,200,210,278,270,1
tailing37.tif,201,201,254,218,1
tailing38.tif,201,216,271,233,1
tailing39.tif,201,200,284,273,1
tailing40.tif,373,210,503,340,1
tailing41.tif,200,239,340,325,1
tailing42.tif,200,200,660,466,1
tailing43.tif,200,201,297,276,1
tailing44.tif,200,200,234,226,1
tailing45.tif,201,409,304,505,1
tailing46.tif,213,200,394,266,1
tailing47.tif,201,200,314,243,1
tailing48.tif,201,201,315,243,1
tailing49.tif,398,272,443,297,1
tailing50.tif,203,201,300,268,1
tailing51.tif,200,200,238,230,1
tailing52.tif,201,200,261,242,1
tailing53.tif,285,200,307,230,1
tailing54.tif,200,201,253,240,1
tailing55.tif,200,201,294,260,1
tailing56.tif,200,201,420,297,1
tailing57.tif,204,245,250,263,1
tailing58.tif,201,200,301,287,1
tailing59.tif,234,214,285,242,1
tailing60.tif,201,200,256,267,1
tailing61.tif,200,200,291,293,1
tailing62.tif,200,201,219,236,1
tailing63.tif,200,201,248,235,1
tailing64.tif,200,200,377,343,1
tailing65.tif,201,201,262,227,1
tailing66.tif,201,201,246,222,1
tailing67.tif,200,200,275,216,1
tailing68.tif,296,235,351,274,1
tailing69.tif,409,424,450,447,1
tailing70.tif,200,200,406,333,1
tailing71.tif,200,200,353,321,1
tailing72.tif,200,200,385,340,1
tailing73.tif,200,200,297,293,1
tailing74.tif,227,201,248,236,1
tailing75.tif,201,201,214,232,1
tailing76.tif,201,201,245,259,1
tailing77.tif,200,200,351,345,1
tailing78.tif,200,201,225,240,1
tailing79.tif,200,200,258,228,1
tailing80.tif,201,494,243,519,1
tailing81.tif,201,201,268,231,1
tailing82.tif,201,200,234,246,1
tailing83.tif,594,200,685,301,1
tailing84.tif,642,500,675,540,1
tailing85.tif,305,389,418,451,1
tailing86.tif,200,338,282,371,1
tailing87.tif,482,245,558,315,1
tailing88.tif,407,365,472,419,1
tailing89.tif,200,200,366,289,1
tailing90.tif,201,200,241,250,1
tailing91.tif,201,201,276,283,1
tailing92.tif,200,201,227,226,1
tailing93.tif,201,200,219,237,1
tailing94.tif,440,621,535,645,1
tailing95.tif,258,234,302,267,1
tailing96.tif,445,200,588,243,1
tailing97.tif,200,201,306,265,1
tailing98.tif,432,200,509,246,1
tailing99.tif,200,232,267,292,1
tailing100.tif,200,200,895,707,1
tailing101.tif,200,201,223,221,1
tailing102.tif,200,200,782,653,1
tailing103.tif,200,200,552,503,1
tailing104.tif,201,201,254,259,1
tailing105.tif,200,401,286,455,1
tailing106.tif,200,200,272,289,1
tailing107.tif,461,271,494,307,1
tailing108.tif,201,200,253,222,1
tailing109.tif,287,200,544,385,1
tailing110.tif,200,201,242,226,1
tailing111.tif,200,201,318,257,1
tailing112.tif,200,200,269,232,1
tailing113.tif,200,201,224,231,1
tailing114.tif,200,214,314,295,1
tailing115.tif,356,201,409,231,1
tailing116.tif,201,200,238,220,1
tailing117.tif,201,201,302,238,1
tailing118.tif,201,200,243,222,1
tailing119.tif,200,230,303,370,1
tailing120.tif,200,200,220,224,1
tailing121.tif,200,201,217,220,1
tailing122.tif,200,201,236,223,1
tailing123.tif,200,200,242,293,1
tailing124.tif,201,201,255,215,1
tailing125.tif,200,201,249,216,1
tailing126.tif,201,201,224,215,1
tailing127.tif,325,266,385,340,1
tailing128.tif,201,200,265,257,1
tailing129.tif,491,332,636,391,1
tailing130.tif,201,201,235,219,1
tailing131.tif,211,200,254,232,1
tailing132.tif,200,201,244,228,1
tailing133.tif,200,200,223,240,1
tailing134.tif,201,201,299,265,1
tailing135.tif,201,200,240,235,1
tailing136.tif,201,466,225,491,1
tailing137.tif,200,604,244,637,1
tailing138.tif,200,200,229,220,1
tailing139.tif,200,201,284,319,1
tailing140.tif,200,200,299,219,1
tailing141.tif,201,200,230,223,1
tailing142.tif,201,201,220,229,1
tailing143.tif,200,200,244,219,1
tailing144.tif,201,200,223,227,1
tailing145.tif,201,251,228,278,1
tailing146.tif,201,200,251,236,1
tailing147.tif,201,201,242,220,1
tailing148.tif,201,200,230,227,1
tailing149.tif,437,351,460,378,1
tailing150.tif,201,240,248,319,1
tailing151.tif,200,201,337,284,1
tailing152.tif,201,200,356,328,1
tailing153.tif,201,200,220,235,1
tailing154.tif,234,200,271,228,1
tailing155.tif,479,200,530,236,1
tailing156.tif,200,200,243,262,1
tailing157.tif,200,200,459,435,1
tailing158.tif,200,200,270,246,1
tailing159.tif,200,201,304,220,1
tailing160.tif,200,200,234,290,1
tailing161.tif,201,201,239,213,1
tailing162.tif,341,200,543,368,1
tailing163.tif,200,512,284,559,1
tailing164.tif,201,200,270,253,1
tailing165.tif,362,203,431,220,1
tailing166.tif,422,566,469,629,1
tailing167.tif,545,200,574,224,1
tailing168.tif,560,243,612,280,1
tailing169.tif,201,201,230,242,1
tailing170.tif,201,200,264,280,1
tailing171.tif,327,250,389,293,1
tailing172.tif,200,200,290,285,1
tailing173.tif,200,200,650,539,1
tailing174.tif,201,201,341,274,1
tailing175.tif,201,201,262,249,1
tailing176.tif,582,201,621,235,1
tailing177.tif,200,200,236,241,1
tailing178.tif,201,200,265,234,1
tailing179.tif,200,201,226,217,1
tailing180.tif,200,200,279,350,1
tailing181.tif,201,200,225,221,1
tailing182.tif,200,248,254,298,1
tailing183.tif,201,200,231,218,1
tailing184.tif,217,201,260,238,1
tailing185.tif,440,651,486,674,1
tailing186.tif,368,200,483,294,1
tailing187.tif,201,201,241,235,1
tailing188.tif,200,200,236,231,1
tailing189.tif,229,200,260,256,1
tailing190.tif,302,212,330,237,1
tailing191.tif,248,250,334,316,1
tailing192.tif,200,200,232,269,1
tailing193.tif,201,201,250,225,1
tailing194.tif,200,201,253,227,1
tailing195.tif,201,200,248,243,1
tailing196.tif,200,201,238,228,1
tailing197.tif,201,201,315,231,1
tailing198.tif,201,201,243,224,1
tailing199.tif,201,201,243,232,1
tailing200.tif,201,201,248,250,1
tailing201.tif,200,201,224,242,1
tailing202.tif,365,252,396,284,1
tailing203.tif,200,258,304,338,1
tailing204.tif,201,200,338,285,1
tailing205.tif,201,206,258,235,1
tailing206.tif,200,201,231,217,1
tailing207.tif,201,200,228,218,1
tailing208.tif,200,200,284,235,1
tailing209.tif,200,200,579,796,1
tailing210.tif,201,201,252,219,1
tailing211.tif,201,200,239,247,1
tailing212.tif,200,200,728,646,1
tailing213.tif,200,201,241,220,1
tailing214.tif,200,201,225,220,1
tailing215.tif,201,200,221,226,1
tailing216.tif,342,313,383,352,1
tailing217.tif,275,200,380,240,1
tailing218.tif,1154,682,1361,837,1
tailing219.tif,642,301,849,403,1
tailing220.tif,206,425,250,443,1
tailing221.tif,201,201,234,226,1
tailing222.tif,200,201,243,244,1
tailing223.tif,201,201,219,252,1
tailing224.tif,200,200,249,266,1
tailing225.tif,201,200,255,255,1
tailing226.tif,543,200,576,215,1
tailing227.tif,218,560,261,602,1
tailing228.tif,237,222,303,261,1
tailing229.tif,201,253,242,269,1
tailing230.tif,201,201,240,234,1
tailing231.tif,200,200,401,288,1
tailing232.tif,200,201,238,228,1
tailing233.tif,201,200,266,241,1
tailing234.tif,200,200,227,255,1
tailing235.tif,200,200,269,263,1
tailing236.tif,201,201,227,215,1
tailing237.tif,201,200,224,219,1
tailing238.tif,200,289,483,405,1
tailing239.tif,200,201,274,271,1
tailing240.tif,201,234,213,258,1
tailing241.tif,200,453,230,471,1
tailing242.tif,292,316,335,338,1
tailing243.tif,201,201,217,222,1
tailing244.tif,201,200,253,277,1
tailing245.tif,281,201,351,258,1
tailing246.tif,201,201,255,241,1
tailing247.tif,200,201,266,247,1
tailing248.tif,200,200,360,434,1
tailing249.tif,201,200,229,243,1
tailing250.tif,200,220,270,253,1
tailing251.tif,200,201,370,381,1
tailing252.tif,248,263,394,298,1
tailing253.tif,200,201,327,354,1
tailing254.tif,201,201,242,221,1
tailing255.tif,201,200,256,218,1
tailing256.tif,201,200,293,386,1
tailing257.tif,200,201,333,292,1
tailing258.tif,200,200,323,283,1
tailing259.tif,201,200,307,243,1
tailing260.tif,200,200,219,254,1
tailing261.tif,201,201,318,265,1
tailing262.tif,310,427,339,443,1
tailing263.tif,200,200,257,237,1
tailing264.tif,301,225,330,264,1
tailing265.tif,287,202,318,221,1
tailing266.tif,200,201,247,225,1
tailing267.tif,201,201,225,224,1
tailing268.tif,201,285,323,330,1
tailing269.tif,201,200,298,281,1
tailing270.tif,466,200,566,238,1
tailing271.tif,201,201,259,247,1
tailing272.tif,200,200,231,237,1
tailing273.tif,200,200,308,303,1
tailing274.tif,200,201,258,280,1
tailing275.tif,200,587,267,646,1
tailing276.tif,242,200,278,253,1
tailing277.tif,200,201,244,241,1
tailing278.tif,201,201,231,225,1
tailing279.tif,221,238,259,278,1
tailing280.tif,242,249,301,275,1
tailing281.tif,293,200,419,312,1
tailing282.tif,200,201,268,262,1
tailing283.tif,244,201,291,229,1
tailing284.tif,200,200,351,267,1
tailing285.tif,219,200,269,271,1
tailing286.tif,201,201,249,230,1
tailing287.tif,200,291,259,331,1
tailing288.tif,200,200,345,344,1
tailing289.tif,421,200,502,290,1
tailing290.tif,201,201,294,319,1
tailing291.tif,200,201,231,233,1
tailing292.tif,200,200,230,234,1
tailing293.tif,201,201,234,228,1
tailing294.tif,200,200,377,378,1
tailing295.tif,200,201,260,233,1
tailing296.tif,200,262,298,350,1
tailing297.tif,200,200,261,296,1
tailing298.tif,201,200,224,251,1
tailing299.tif,200,200,235,222,1
tailing300.tif,200,546,300,658,1
tailing301.tif,200,201,243,219,1
tailing302.tif,357,654,401,698,1
tailing303.tif,458,313,545,389,1
tailing304.tif,439,200,539,276,1
tailing305.tif,200,200,320,355,1
tailing306.tif,200,200,381,325,1
tailing307.tif,210,218,231,237,1
tailing308.tif,200,200,241,230,1
tailing309.tif,201,201,234,232,1
tailing310.tif,200,201,333,297,1
tailing311.tif,201,200,241,260,1
tailing312.tif,200,201,226,223,1
tailing313.tif,331,280,410,342,1
tailing314.tif,200,294,236,317,1
tailing315.tif,286,200,371,282,1
tailing316.tif,323,201,348,229,1
tailing317.tif,201,201,248,251,1
tailing318.tif,200,200,429,434,1
tailing319.tif,200,278,258,355,1
